255 255 255 255 255 255 255 255 255 255 255 255 255 255 255 255
255 255 255 255 255 255 255 255 255 255 255 255 255 255 255 255
255 255 255 255 255 255 255 255 255 255 255 255 255 255 255 255
255 255 255   0   0   0 255 255 255 255 255 255 255 255 255 255
255 255 255   0   0   0 255 255 255 255 255 255 255 255 255 255
255 255 255   0   0   0 255 255 255 255 255 255 255 255 255 255
255 255 255 255 255 255 255 255 255 255   0   0   0 255 255 255
255 255 255 255 255 255 255 255 255 255   0   0   0 255 255 255
255 255 255 255 255 255 255 255 255 255   0   0   0 255 255 255
255 255 255 255 255 255 255 255 255 255   0   0   0 255 255 255
255 255 255   0   0   0   0   0   0   0 255 255 255 255 255 255
255 255 255   0   0   0   0   0   0   0 255 255 255 255 255 255
255 255 255   0   0   0   0   0   0   0 255 255 255 255 255 255
255 255 255 255 255 255 255 255 255 255 255 255 255 255 255 255
255 255 255 255 255 255 255 255 255 255 255 255 255 255 255 255
255 255 255 255 255 255 255 255 255 255 255 255 255 255 255 255
255 255 255 255 255 255 255 255 255 255 255 255 255 255 255 255
255 255 255 255 255 255 255 255 255 255 255 255 255 255 255 255
255 255 255 255 255 255 255 255 255 255 255 255 255 255 255 255
255 255 255   0   0   0 255 255 255 255 255 255 255 255 255 255
255 255 255   0   0   0 255 255 255 255 255 255 255 255 255 255
255 255 255   0   0   0 255 255 255 255 255 255 255 255 255 255
255 255 255 255 255 255 255 255 255 255   0   0   0 255 255 255
255 255 255 255 255 255 255 255 255 255   0   0   0 255 255 255
255 255 255 255 255 255 255 255 255 255   0   0   0 255 255 255
255 255 255 255 255 255 255 255 255 255   0   0   0 255 255 255
255 255 255   0   0   0   0   0   0   0 255 255 255 255 255 255
255 255 255   0   0   0   0   0   0   0 255 255 255 255 255 255
255 255 255   0   0   0   0   0   0   0 255 255 255 255 255 255
255 255 255 255 255 255 255 255 255 255 255 255 255 255 255 255
255 255 255 255 255 255 255 255 255 255 255 255 255 255 255 255
255 255 255 255 255 255 255 255 255 255 255 255 255 255 255 255
255 255 255 255 255 255 255 255 255 255 255 255 255 255 255 255
255 255 255 255 255 255 255 255 255 255 255 255 255 255 255 255
255 255 255 255 255 255 255 255 255 255 255 255 255 255 255 255
255 255 255   0   0   0 255 255 255 255 255 255 255 255 255 255
255 255 255   0   0   0 255 255 255 255 255 255 255 255 255 255
255 255 255   0   0   0 255 255 255 255 255 255 255 255 255 255
255 255 255 255 255 255 255 255 255 255   0   0   0 255 255 255
255 255 255 255 255 255 255 255 255 255   0   0   0 255 255 255
255 255 255 255 255 255 255 255 255 255   0   0   0 255 255 255
255 255 255 255 255 255 255 255 255 255   0   0   0 255 255 255
255 255 255   0   0   0   0   0   0   0 255 255 255 255 255 255
255 255 255   0   0   0   0   0   0   0 255 255 255 255 255 255
255 255 255   0   0   0   0   0   0   0 255 255 255 255 255 255
255 255 255 255 255 255 255 255 255 255 255 255 255 255 255 255
255 255 255 255 255 255 255 255 255 255 255 255 255 255 255 255
255 255 255 255 255 255 255 255 255 255 255 255 255 255 255 255

255 255 255 255 255 255 255 255 255 255 255 255 255 255 255 255
255 255 255 255 255 255 255 255 255 255 255 255 255 255 255 255
255 255 255 255 255 255 255 255 255 255 255 255 255 255 255 255
255 255 255 255 255 255   0   0   0   0 255 255 255 255 255 255
255 255 255 255 255 255   0   0   0   0 255 255 255 255 255 255
255 255 255 255 255 255   0   0   0   0 255 255 255 255 255 255
255 255 255 255 255 255 255 255 255 255   0   0   0 255 255 255
255 255 255 255 255 255 255 255 255 255   0   0   0 255 255 255
255 255 255 255 255 255 255 255 255 255   0   0   0 255 255 255
255 255 255 255 255 255 255 255 255 255   0   0   0 255 255 255
255 255 255   0   0   0 255 255 255 255   0   0   0 255 255 255
255 255 255   0   0   0 255 255 255 255   0   0   0 255 255 255
255 255 255   0   0   0 255 255 255 255   0   0   0 255 255 255
255 255 255 255 255 255 255 255 255 255 255 255 255 255 255 255
255 255 255 255 255 255 255 255 255 255 255 255 255 255 255 255
255 255 255 255 255 255 255 255 255 255 255 255 255 255 255 255
255 255 255 255 255 255 255 255 255 255 255 255 255 255 255 255
255 255 255 255 255 255 255 255 255 255 255 255 255 255 255 255
255 255 255 255 255 255 255 255 255 255 255 255 255 255 255 255
255 255 255 255 255 255   0   0   0   0 255 255 255 255 255 255
255 255 255 255 255 255   0   0   0   0 255 255 255 255 255 255
255 255 255 255 255 255   0   0   0   0 255 255 255 255 255 255
255 255 255 255 255 255 255 255 255 255   0   0   0 255 255 255
255 255 255 255 255 255 255 255 255 255   0   0   0 255 255 255
255 255 255 255 255 255 255 255 255 255   0   0   0 255 255 255
255 255 255 255 255 255 255 255 255 255   0   0   0 255 255 255
255 255 255   0   0   0 255 255 255 255   0   0   0 255 255 255
255 255 255   0   0   0 255 255 255 255   0   0   0 255 255 255
255 255 255   0   0   0 255 255 255 255   0   0   0 255 255 255
255 255 255 255 255 255 255 255 255 255 255 255 255 255 255 255
255 255 255 255 255 255 255 255 255 255 255 255 255 255 255 255
255 255 255 255 255 255 255 255 255 255 255 255 255 255 255 255
255 255 255 255 255 255 255 255 255 255 255 255 255 255 255 255
255 255 255 255 255 255 255 255 255 255 255 255 255 255 255 255
255 255 255 255 255 255 255 255 255 255 255 255 255 255 255 255
255 255 255 255 255 255   0   0   0   0 255 255 255 255 255 255
255 255 255 255 255 255   0   0   0   0 255 255 255 255 255 255
255 255 255 255 255 255   0   0   0   0 255 255 255 255 255 255
255 255 255 255 255 255 255 255 255 255   0   0   0 255 255 255
255 255 255 255 255 255 255 255 255 255   0   0   0 255 255 255
255 255 255 255 255 255 255 255 255 255   0   0   0 255 255 255
255 255 255 255 255 255 255 255 255 255   0   0   0 255 255 255
255 255 255   0   0   0 255 255 255 255   0   0   0 255 255 255
255 255 255   0   0   0 255 255 255 255   0   0   0 255 255 255
255 255 255   0   0   0 255 255 255 255   0   0   0 255 255 255
255 255 255 255 255 255 255 255 255 255 255 255 255 255 255 255
255 255 255 255 255 255 255 255 255 255 255 255 255 255 255 255
255 255 255 255 255 255 255 255 255 255 255 255 255 255 255 255

255 255 255 255 255 255 255 255 255 255 255 255 255 255 255 255
255 255 255 255 255 255 255 255 255 255 255 255 255 255 255 255
255 255 255 255 255 255 252 251 251 251 251 251 252 255 255 255
255 255 255 255 255 255  98  25  25  25  25  25  58 255 255 255
255 255 255 255 255 255  81   0   0   0   0   0  37 255 255 255
255 255 255 255 255 255  81   0   0   0   0   0  37 255 255 255
255 255 252  98  81  81 142 172 172 172 172 172 184 255 255 255
255 255 251  25   0   0 172 255 255 255 255 255 255 255 255 255
255 255 251  25   0   0 172 255 255 255 255 255 255 255 255 255
255 255 252 105  89  89 201 255 255 223 165 165 178 255 255 255
255 255 255 255 255 255 255 255 255 165   0   0  37 255 255 255
255 255 255 255 255 255 255 255 255 165   0   0  37 255 255 255
255 255 255 255 255 255 255 255 255 178  37  37  69 255 255 255
255 255 255 255 255 255 255 255 255 255 255 255 255 255 255 255
255 255 255 255 255 255 255 255 255 255 255 255 255 255 255 255
255 255 255 255 255 255 255 255 255 255 255 255 255 255 255 255
255 255 255 255 255 255 255 255 255 255 255 255 255 255 255 255
255 255 255 255 255 255 255 255 255 255 255 255 255 255 255 255
255 255 255 255 255 255 252 251 251 251 251 251 252 255 255 255
255 255 255 255 255 255  98  25  25  25  25  25  58 255 255 255
255 255 255 255 255 255  81   0   0   0   0   0  37 255 255 255
255 255 255 255 255 255  81   0   0   0   0   0  37 255 255 255
255 255 252  98  81  81 142 172 172 172 172 172 184 255 255 255
255 255 251  25   0   0 172 255 255 255 255 255 255 255 255 255
255 255 251  25   0   0 172 255 255 255 255 255 255 255 255 255
255 255 252 105  89  89 201 255 255 223 165 165 178 255 255 255
255 255 255 255 255 255 255 255 255 165   0   0  37 255 255 255
255 255 255 255 255 255 255 255 255 165   0   0  37 255 255 255
255 255 255 255 255 255 255 255 255 178  37  37  69 255 255 255
255 255 255 255 255 255 255 255 255 255 255 255 255 255 255 255
255 255 255 255 255 255 255 255 255 255 255 255 255 255 255 255
255 255 255 255 255 255 255 255 255 255 255 255 255 255 255 255
255 255 255 255 255 255 255 255 255 255 255 255 255 255 255 255
255 255 255 255 255 255 255 255 255 255 255 255 255 255 255 255
255 255 255 255 255 255 252 251 251 251 251 251 252 255 255 255
255 255 255 255 255 255  98  25  25  25  25  25  58 255 255 255
255 255 255 255 255 255  81   0   0   0   0   0  37 255 255 255
255 255 255 255 255 255  81   0   0   0   0   0  37 255 255 255
255 255 252  98  81  81 142 172 172 172 172 172 184 255 255 255
255 255 251  25   0   0 172 255 255 255 255 255 255 255 255 255
255 255 251  25   0   0 172 255 255 255 255 255 255 255 255 255
255 255 252 105  89  89 201 255 255 223 165 165 178 255 255 255
255 255 255 255 255 255 255 255 255 165   0   0  37 255 255 255
255 255 255 255 255 255 255 255 255 165   0   0  37 255 255 255
255 255 255 255 255 255 255 255 255 178  37  37  69 255 255 255
255 255 255 255 255 255 255 255 255 255 255 255 255 255 255 255
255 255 255 255 255 255 255 255 255 255 255 255 255 255 255 255
255 255 255 255 255 255 255 255 255 255 255 255 255 255 255 255

255 255 255 255 255 255 255 255 255 255 255 255 255 255 255 255
255 255 255 255 255 255 255 255 255 255 255 255 255 255 255 255
255 255 255 253 253 253 254 255 255 254 253 253 253 255 255 255
255 255 253  59  31  31 179 255 255 179  31  31  59 253 255 255
255 255 253  31   0   0 169 255 255 169   0   0  31 253 255 255
255 255 253  31   0   0 169 255 255 169   0   0  31 253 255 255
255 255 253  31   0   0 169 255 255 226 169 169 179 254 255 255
255 255 253  31   0   0 169 255 255 255 255 255 255 255 255 255
255 255 253  31   0   0 169 255 255 255 255 255 255 255 255 255
255 255 254 106  86  86 140 169 169 198 255 255 255 255 255 255
255 255 255 255 255 255  86   0   0  86 255 255 255 255 255 255
255 255 255 255 255 255  86   0   0  86 255 255 255 255 255 255
255 255 255 255 255 255 106  31  31 106 255 255 255 255 255 255
255 255 255 255 255 255 254 253 253 254 255 255 255 255 255 255
255 255 255 255 255 255 255 255 255 255 255 255 255 255 255 255
255 255 255 255 255 255 255 255 255 255 255 255 255 255 255 255
255 255 255 255 255 255 255 255 255 255 255 255 255 255 255 255
255 255 255 255 255 255 255 255 255 255 255 255 255 255 255 255
255 255 255 253 253 253 254 255 255 254 253 253 253 255 255 255
255 255 253  59  31  31 179 255 255 179  31  31  59 253 255 255
255 255 253  31   0   0 169 255 255 169   0   0  31 253 255 255
255 255 253  31   0   0 169 255 255 169   0   0  31 253 255 255
255 255 253  31   0   0 169 255 255 226 169 169 179 254 255 255
255 255 253  31   0   0 169 255 255 255 255 255 255 255 255 255
255 255 253  31   0   0 169 255 255 255 255 255 255 255 255 255
255 255 254 106  86  86 140 169 169 198 255 255 255 255 255 255
255 255 255 255 255 255  86   0   0  86 255 255 255 255 255 255
255 255 255 255 255 255  86   0   0  86 255 255 255 255 255 255
255 255 255 255 255 255 106  31  31 106 255 255 255 255 255 255
255 255 255 255 255 255 254 253 253 254 255 255 255 255 255 255
255 255 255 255 255 255 255 255 255 255 255 255 255 255 255 255
255 255 255 255 255 255 255 255 255 255 255 255 255 255 255 255
255 255 255 255 255 255 255 255 255 255 255 255 255 255 255 255
255 255 255 255 255 255 255 255 255 255 255 255 255 255 255 255
255 255 255 253 253 253 254 255 255 254 253 253 253 255 255 255
255 255 253  59  31  31 179 255 255 179  31  31  59 253 255 255
255 255 253  31   0   0 169 255 255 169   0   0  31 253 255 255
255 255 253  31   0   0 169 255 255 169   0   0  31 253 255 255
255 255 253  31   0   0 169 255 255 226 169 169 179 254 255 255
255 255 253  31   0   0 169 255 255 255 255 255 255 255 255 255
255 255 253  31   0   0 169 255 255 255 255 255 255 255 255 255
255 255 254 106  86  86 140 169 169 198 255 255 255 255 255 255
255 255 255 255 255 255  86   0   0  86 255 255 255 255 255 255
255 255 255 255 255 255  86   0   0  86 255 255 255 255 255 255
255 255 255 255 255 255 106  31  31 106 255 255 255 255 255 255
255 255 255 255 255 255 254 253 253 254 255 255 255 255 255 255
255 255 255 255 255 255 255 255 255 255 255 255 255 255 255 255
255 255 255 255 255 255 255 255 255 255 255 255 255 255 255 255
